0.62
0.21
0.80
0.32
0.44
0.44
0.72
0.35
0.77
0.02
0.25
0.50
0.05
0.92
0.65
0.70
0.39
0.43
0.68
0.30
0.68
0.38
0.80
0.66
0.89
0.27
0.74
0.18
0.98
0.16
0.67
0.43
0.10
0.81
0.37
0.66
0.56
0.70
0.63
0.98
0.27
0.69
0.57
0.32
0.65
0.63
0.72
0.20
0.61
0.87
0.01
0.44
0.79
0.13
0.17
0.67
0.67
0.79
0.65
0.45
0.36
0.59
0.26
0.92
0.62
0.41
0.02
0.58
0.04
0.54
0.13
0.61
0.76
0.44
0.81
0.95
0.59
0.20
0.90
0.25
0.05
0.06
0.75
0.39
0.74
0.16
0.58
0.93
0.41
0.05
0.99
0.44
0.14
0.06
0.18
0.76
0.29
0.08
0.73
0.52
